<?xml version="1.0"?>
<opencv_storage>
<calibration_time>"2022년 07월 27일 (수) 오전 10시 50분 13초"</calibration_time>
<nr_of_frames>25</nr_of_frames>
<image_width>640</image_width>
<image_height>480</image_height>
<board_width>9</board_width>
<board_height>6</board_height>
<square_size>75.</square_size>
<fix_aspect_ratio>1.</fix_aspect_ratio>
<!-- flags: +fix_aspectRatio +fix_principal_point +zero_tangent_dist -->
<flags>14</flags>
<fisheye_model>0</fisheye_model>
<camera_matrix type_id="opencv-matrix">
  <rows>3</rows>
  <cols>3</cols>
  <dt>d</dt>
  <data>
    4.8990196189137583e+02 0. 3.1950000000000000e+02 0.
    4.8990196189137583e+02 2.3950000000000000e+02 0. 0. 1.</data></camera_matrix>
<distortion_coefficients type_id="opencv-matrix">
  <rows>5</rows>
  <cols>1</cols>
  <dt>d</dt>
  <data>
    4.8083527114841866e-02 -5.6004844070996221e-02 0. 0.
    -5.4817826455624906e-02</data></distortion_coefficients>
<avg_reprojection_error>3.6977155105861220e-01</avg_reprojection_error>
<per_view_reprojection_errors type_id="opencv-matrix">
  <rows>25</rows>
  <cols>1</cols>
  <dt>f</dt>
  <data>
    1.14533894e-01 2.35409528e-01 2.12691113e-01 1.22554168e-01
    1.08810566e-01 1.24180876e-01 1.75815195e-01 2.35830680e-01
    2.40198821e-01 2.51939625e-01 2.44185776e-01 1.47028863e-01
    1.53968334e+00 1.75163537e-01 2.16665119e-01 2.48083815e-01
    4.84080404e-01 3.15757215e-01 1.13155156e-01 1.60241291e-01
    1.65260881e-01 9.36792344e-02 7.13436007e-02 1.82152092e-01
    1.28883332e-01</data></per_view_reprojection_errors>
<!-- a set of 6-tuples (rotation vector + translation vector) for each view -->
<extrinsic_parameters type_id="opencv-matrix">
  <rows>25</rows>
  <cols>6</cols>
  <dt>d</dt>
  <data>
    -5.6355300576761566e-02 -5.1711351882651926e-02
    -4.0599116962754681e-03 -2.8246640284241136e+02
    -1.7435428461614015e+02 7.8255887022676984e+02
    -2.4491128685191371e-01 -1.3646251923796562e-01
    -9.5119687625539101e-02 -3.5344128439929113e+02
    -1.3163189673719302e+02 9.7452658994634862e+02
    -3.0391842816861026e-01 -2.1846523552416991e-01
    -5.5784703947164149e-01 -3.6873573569065564e+02
    -6.4339094393326974e+01 1.0080893053343563e+03
    -4.3509418236209152e-01 -2.9217378623855772e-01
    -7.9169966960191462e-01 -3.2807715561950448e+02
    -1.4437291573651169e+01 9.2261280184542568e+02
    -5.0841159564500871e-01 -1.3510851856216743e-01
    -7.7221894828109483e-02 -2.9131781314419970e+02
    -1.8710704649050103e+02 1.1165903756180039e+03
    -5.2222783304930709e-01 6.1942661023920341e-02
    3.8179350011280244e-01 -2.2208945123560440e+02
    -2.9867380367299268e+02 1.1580325703638196e+03
    -7.5038820942498974e-01 1.8752522033244065e-01
    3.4816153732401856e-01 -2.0930661442648213e+02
    -2.9474135192337303e+02 1.1148867725866894e+03
    -7.5900957730287610e-01 2.6277986376466261e-01
    5.9308734953757269e-01 -1.3027419554570230e+02
    -3.9256893879143445e+02 1.1411107945217161e+03
    -5.3620512614781968e-01 1.8824392610613350e-01
    6.8584602290787533e-01 -9.3581456820894459e+01
    -4.4657542401113363e+02 1.2413676490599560e+03
    -4.6145162775171655e-01 1.6167925034624683e-01
    6.6148556567708405e-01 -1.5808099195599218e+02
    -3.9343827569802227e+02 1.4379770688724088e+03
    -4.7617274286164762e-01 2.2801228396310927e-01
    1.3393157342563784e+00 5.8377796115919786e+01
    -3.1725685230291629e+02 1.4342021401351446e+03
    -7.7552423835975237e-01 4.3616091268178880e-01
    8.7212586993580243e-01 -2.3118589577063950e+01
    -3.7672660238001367e+02 1.1816681542367135e+03
    -8.5465610153917249e-01 4.4715461271484180e-01
    7.3399244400542274e-01 -1.0010327394927567e+02
    -3.2913676444617516e+02 1.1762157814493055e+03
    -7.8202234781527857e-01 4.6618735801708977e-01
    9.8848876968988719e-01 -1.3390166009104876e+00
    -3.4151083276633693e+02 1.2192692955510654e+03
    -7.8963748742703321e-01 4.2444688797371594e-01
    8.4319641717547844e-01 -1.1357036872136722e+02
    -3.8765295392829057e+02 1.0580984450995052e+03
    -8.4525955456442936e-01 -2.9012999852526072e-01
    -4.0454107636007991e-01 -2.9655831661428863e+02
    -1.6274841706851197e+02 8.2192272214224602e+02
    -8.9700268392084848e-01 -2.8986590847008470e-01
    -3.6481264755389886e-01 -3.5921347494539322e+02
    -1.4640755269590062e+02 8.4163640194723371e+02
    -8.2218615017470331e-01 -2.2086382446311034e-01
    -2.6085444257086821e-01 -3.3813413265511014e+02
    -1.6322344359746691e+02 9.2746162485208356e+02
    -7.2522041943708782e-01 -3.1334179895703423e-01
    -6.4858395565129856e-01 -3.2114701800487546e+02
    -5.5206326016781752e+01 8.5564007922105020e+02
    -3.1105544355079540e-01 -3.1829053699610887e-01
    -1.0449037892798367e+00 -2.2006723033838915e+02
    7.6323643879735258e+01 9.6106714938162281e+02
    -1.6019339407682742e-01 -5.4056930022468230e-01
    -1.3553209576009830e+00 -2.7058739741492991e+02
    1.6228930067503831e+02 1.0585491450582781e+03
    -3.1760459832795956e-01 -3.8755335505898730e-01
    -9.4955546063191354e-01 -5.3294091582432964e+02
    -9.7250616463713044e+01 1.3255469847737404e+03
    -3.4782371002956680e-01 -2.8803818340970228e-01
    -8.0967714214292086e-01 -1.7897723652877733e+02
    -1.1164517149150309e+02 1.4069239975183978e+03
    -4.9814900846542137e-01 -1.1107549464707789e-01
    -1.5838686102048555e-01 -2.5757176911711039e+00
    -2.3008891647767705e+01 1.4779953187117271e+03
    -5.7630470361670938e-01 -2.8586831297932430e-01
    2.6475958359544277e-02 -3.2176572891382602e+02
    4.9145528834563997e+01 1.3901987663861080e+03</data></extrinsic_parameters>
