<?xml version="1.0"?>
<opencv_storage>
<calibration_time>"Wed Jul 20 11:05:55 2022"</calibration_time>
<nr_of_frames>25</nr_of_frames>
<image_width>640</image_width>
<image_height>480</image_height>
<board_width>9</board_width>
<board_height>6</board_height>
<square_size>75.</square_size>
<fix_aspect_ratio>1.</fix_aspect_ratio>
<!-- flags: +fix_aspectRatio +fix_principal_point +zero_tangent_dist -->
<flags>14</flags>
<fisheye_model>0</fisheye_model>
<camera_matrix type_id="opencv-matrix">
  <rows>3</rows>
  <cols>3</cols>
  <dt>d</dt>
  <data>
    4.7832810215515894e+02 0. 3.1950000000000000e+02 0.
    4.7832810215515894e+02 2.3950000000000000e+02 0. 0. 1.</data></camera_matrix>
<distortion_coefficients type_id="opencv-matrix">
  <rows>5</rows>
  <cols>1</cols>
  <dt>d</dt>
  <data>
    1.2338467890408641e-01 -5.5156206257568108e-01 0. 0.
    1.0716721117580488e+00</data></distortion_coefficients>
<avg_reprojection_error>2.5620238093584635e-01</avg_reprojection_error>
<per_view_reprojection_errors type_id="opencv-matrix">
  <rows>25</rows>
  <cols>1</cols>
  <dt>f</dt>
  <data>
    2.50071228e-01 3.96911085e-01 9.12485942e-02 2.49058872e-01
    1.45130545e-01 1.74847603e-01 2.74928659e-01 1.75769940e-01
    9.95800197e-02 1.46749929e-01 2.89361537e-01 5.08891106e-01
    5.15875340e-01 3.54027271e-01 1.24196582e-01 1.58657432e-01
    1.75171569e-01 2.05864042e-01 1.36979699e-01 2.75553465e-01
    1.14871725e-01 2.46206835e-01 2.53375739e-01 2.11754948e-01
    1.88740104e-01</data></per_view_reprojection_errors>
<!-- a set of 6-tuples (rotation vector + translation vector) for each view -->
<extrinsic_parameters type_id="opencv-matrix">
  <rows>25</rows>
  <cols>6</cols>
  <dt>d</dt>
  <data>
    -1.3322981995955296e-01 -2.2285173097850473e-02
    -4.5829519921671913e-03 -3.0904509094167020e+02
    -1.7408656947020623e+02 8.9441767642060188e+02
    -3.0811657544825960e-01 -4.3199687792068370e-02
    -2.5061525145201106e-02 -3.5155725038647483e+02
    -1.0638546357304139e+02 1.2806057504537919e+03
    -4.4130270771877605e-01 -1.5942107120638582e-01
    -1.0001214941240176e-02 -3.4309114895891571e+02
    -1.7100316124994350e+02 1.2879636242538761e+03
    -4.9298262138853399e-01 -2.9139753456017464e-01
    2.6044835225543867e-02 -3.1600557221462316e+02
    -1.1351798531092095e+02 1.1559071287410743e+03
    -5.6243998764832259e-01 -2.2477843523415714e-01
    3.5432314138004115e-03 -3.0064776763715400e+02
    -1.6943844738536424e+02 1.0988190484882225e+03
    -7.3304208585962272e-01 1.1303152887944209e-01
    3.0885940366036108e-01 -2.1362396081643345e+02
    -1.9145511862923439e+02 1.2704544206277092e+03
    -7.1376203772052449e-01 1.2558924955232262e-01
    1.3350283936227426e-02 -2.8557765188215905e+02
    -3.5421273832067868e+01 1.1813910420195180e+03
    -6.3834307849608460e-02 -5.1912368475009962e-02
    -1.0990423420720779e-02 -3.0910678919542630e+02
    -1.7520374536544659e+02 7.4675659315644896e+02
    -1.5776599906818214e-01 -9.0672679751664639e-02
    3.7195555718265028e-01 -2.6346537974490036e+02
    -2.6564255737605134e+02 1.0727361936243144e+03
    -1.5910061221614644e-01 5.5812183337226345e-02
    2.0716386821894553e-01 -1.2034592818751464e+02
    -2.0135262506076069e+02 1.1134420371520973e+03
    -2.4542215789313598e-01 -5.6723280852699065e-01
    -1.0635680613349597e-02 -4.1165753272231973e+02
    -1.2471977166100672e+02 1.0161230971001804e+03
    -2.7539555848192493e-01 -5.0314246214437930e-01
    2.5554568703040462e-02 -2.1956281367524994e+02
    -2.0322833813378773e+02 7.7663913360322363e+02
    -6.2917824852590420e-01 1.4282046591850933e-01
    1.9272094833411077e-01 -2.5532953602005168e+02
    -2.3589973327064703e+02 1.0033724608678598e+03
    -5.4915980781184570e-01 2.8923545328825007e-01
    -8.6730495599932247e-02 -2.9398756287034615e+02
    -1.4831263740847479e+02 1.0925560789024360e+03
    -6.7894066434717959e-01 6.9466058066336500e-01
    1.4659112465763897e+00 2.1754198803753826e+02
    -2.6641137118120992e+02 1.1140586033157770e+03
    -6.9438181958113887e-01 5.2389686514685385e-01
    1.7467891751918476e+00 1.3991455790349869e+02
    -1.9523480810009650e+02 1.2670585432160594e+03
    -1.4250521487199633e-01 -2.1688975604283293e-02
    -2.9819978955667632e-02 -3.9439512877706852e+02
    -2.9274002889580919e+02 8.5342766176864700e+02
    -1.3120524942115144e-01 3.2176329434018373e-02
    2.0514089969740735e-02 -2.2798620015542414e+02
    -2.9191433853875247e+02 8.7563077079053255e+02
    -2.4849367019276480e-01 9.0932616514657841e-03
    3.8623044805219213e-02 -2.2924797224598618e+02
    -1.1380788717793637e+02 9.3467781055320449e+02
    -2.6402064224684307e-01 -7.7477404595020505e-02
    2.6725435787811610e-02 -3.3563097685147301e+02
    -9.7290181634038277e+01 9.0516575885978341e+02
    -1.0496180512536334e-01 -7.4394726188942564e-02
    -2.5018711751372959e-02 -3.9671133479846651e+02
    -1.9993847159593329e+02 8.4453005266660148e+02
    -8.5030420248144487e-02 3.7054348336695027e-02
    5.3259637706799402e-02 -1.7961237160682916e+02
    -2.0485792690160449e+02 8.7191413708040272e+02
    -6.1315412153542181e-01 3.1704023658399677e-01
    3.3247471141443341e-01 -1.9945628108110361e+02
    -3.0492271469116764e+02 1.0335841519354294e+03
    -2.2981315642548258e-01 -2.7457363258088807e-01
    -4.1292783562997110e-01 -2.4900478431781244e+02
    -9.7965130594342213e+01 9.8607557470289714e+02
    -4.8799466169651395e-01 -1.4165223086211026e-01
    -4.7094194148560954e-02 -4.6653514307530038e+01
    -1.8024258848567581e+02 1.3685818506040580e+03</data></extrinsic_parameters>
